0 0.4125 0.2833333333333333 0.013541666666666667 0.05555555555555555
0 0.36328125 0.2657407407407407 0.018229166666666668 0.04814814814814815
0 0.35260416666666666 0.34675925925925927 0.020833333333333332 0.049074074074074076
0 0.3807291666666667 0.28194444444444444 0.014583333333333334 0.05462962962962963
0 0.45286458333333335 0.26666666666666666 0.011979166666666667 0.06111111111111111
0 0.403125 0.3490740740740741 0.017708333333333333 0.05185185185185185
0 0.52109375 0.26666666666666666 0.0171875 0.04814814814814815
0 0.4828125 0.2875 0.014583333333333334 0.049074074074074076
0 0.43463541666666666 0.26990740740740743 0.013020833333333334 0.06018518518518518
0 0.4002604166666667 0.28379629629629627 0.016145833333333335 0.058333333333333334
0 0.38515625 0.3476851851851852 0.018229166666666668 0.05648148148148148
0 0.9 0.038425925925925926 0.034375 0.03425925925925926
0 0.45390625 0.34953703703703703 0.019270833333333334 0.062037037037037036
0 0.50625 0.3398148148148148 0.016666666666666666 0.05925925925925926
0 0.34739583333333335 0.2828703703703704 0.015625 0.0712962962962963
0 0.2799479166666667 0.5032407407407408 0.015104166666666667 0.06018518518518518
0 0.5390625 0.2689814814814815 0.015625 0.05462962962962963
0 0.3098958333333333 0.3476851851851852 0.01875 0.04722222222222222
0 0.5005208333333333 0.26342592592592595 0.016666666666666666 0.05648148148148148
0 0.26614583333333336 0.5050925925925925 0.020833333333333332 0.049074074074074076
0 0.2950520833333333 0.28379629629629627 0.015104166666666667 0.05462962962962963
0 0.5247395833333334 0.3351851851851852 0.018229166666666668 0.05555555555555555
0 0.5450520833333333 0.7180555555555556 0.021354166666666667 0.06574074074074074
0 0.46640625 0.26990740740740743 0.016145833333333335 0.05092592592592592
0 0.8971354166666666 0.08055555555555556 0.030729166666666665 0.03148148148148148
0 0.5390625 0.3365740740740741 0.014583333333333334 0.05462962962962963
0 0.26223958333333336 0.35509259259259257 0.016145833333333335 0.062037037037037036
0 0.4046875 0.4861111111111111 0.019791666666666666 0.04814814814814815
0 0.4161458333333333 0.34629629629629627 0.013541666666666667 0.05185185185185185
0 0.27682291666666664 0.36527777777777776 0.0171875 0.0712962962962963
0 0.36380208333333336 0.3453703703703704 0.015104166666666667 0.053703703703703705
0 0.24088541666666666 0.2777777777777778 0.019270833333333334 0.06111111111111111
0 0.47109375 0.3560185185185185 0.011979166666666667 0.04722222222222222
0 0.95 0.7305555555555555 0.01875 0.05925925925925926
0 0.29322916666666665 0.35185185185185186 0.017708333333333333 0.05740740740740741
0 0.4359375 0.35833333333333334 0.015625 0.05740740740740741
0 0.24583333333333332 0.4981481481481482 0.01875 0.05925925925925926
0 0.5122395833333333 0.7138888888888889 0.0171875 0.05555555555555555
0 0.3182291666666667 0.4898148148148148 0.01875 0.05555555555555555
0 0.3546875 0.5018518518518519 0.03229166666666667 0.07222222222222222
0 0.49140625 0.49907407407407406 0.016145833333333335 0.05555555555555555
0 0.29973958333333334 0.5018518518518519 0.021354166666666667 0.053703703703703705
0 0.384375 0.5041666666666667 0.01875 0.058333333333333334
0 0.27708333333333335 0.2722222222222222 0.0125 0.053703703703703705
0 0.3296875 0.34305555555555556 0.016666666666666666 0.04722222222222222
0 0.9486979166666667 0.050462962962962966 0.018229166666666668 0.05648148148148148
0 0.47708333333333336 0.4976851851851852 0.025 0.05092592592592592
0 0.5026041666666666 0.49074074074074076 0.020833333333333332 0.046296296296296294
0 0.8919270833333334 0.02361111111111111 0.030729166666666665 0.030555555555555555
0 0.28359375 0.575925925925926 0.016145833333333335 0.06111111111111111
0 0.5651041666666666 0.7046296296296296 0.014583333333333334 0.053703703703703705
0 0.2421875 0.3574074074074074 0.014583333333333334 0.06666666666666667
0 0.5580729166666667 0.3384259259259259 0.019270833333333334 0.05648148148148148
0 0.37083333333333335 0.5027777777777778 0.021875 0.06481481481481481
0 0.5424479166666667 0.49444444444444446 0.0171875 0.05185185185185185
0 0.459375 0.49583333333333335 0.019791666666666666 0.062037037037037036
0 0.4200520833333333 0.49907407407407406 0.0171875 0.07037037037037037
0 0.52890625 0.49675925925925923 0.0171875 0.06018518518518518
0 0.9479166666666666 0.6518518518518519 0.017708333333333333 0.053703703703703705
0 0.2643229166666667 0.5675925925925925 0.015104166666666667 0.05185185185185185
0 0.9458333333333333 0.5726851851851852 0.019791666666666666 0.05277777777777778
0 0.24453125 0.5726851851851852 0.0140625 0.06944444444444445
0 0.3333333333333333 0.5013888888888889 0.019791666666666666 0.075
0 0.5651041666666666 0.7865740740740741 0.014583333333333334 0.05092592592592592
1 0.665625 0.3523148148148148 0.016666666666666666 0.08055555555555556
0 0.9526041666666667 0.20833333333333334 0.01875 0.05925925925925926
0 0.9486979166666667 0.3578703703703704 0.018229166666666668 0.05277777777777778
0 0.9473958333333333 0.5087962962962963 0.020833333333333332 0.06388888888888888
3 0.21666666666666667 0.1597222222222222 0.008333333333333333 0.023148148148148147
3 0.228125 0.16435185185185186 0.007291666666666667 0.028703703703703703
3 0.23463541666666668 0.16157407407407406 0.0067708333333333336 0.021296296296296296
3 0.3072916666666667 0.1574074074074074 0.008333333333333333 0.022222222222222223
3 0.31875 0.16157407407407406 0.005208333333333333 0.021296296296296296
3 0.32838541666666665 0.1625 0.0078125 0.019444444444444445
3 0.34088541666666666 0.15648148148148147 0.0078125 0.024074074074074074
3 0.64765625 0.14583333333333334 0.0067708333333333336 0.019444444444444445
3 0.6640625 0.15046296296296297 0.00625 0.021296296296296296
3 0.6713541666666667 0.14907407407407408 0.007291666666666667 0.02962962962962963
3 0.6760416666666667 0.14675925925925926 0.004166666666666667 0.025
